(60, 91, 1117):(0.66, 1.0, 1.0)
(-192, 73, 1078):(0.0, 1.0, 1.0)
(60, 66, 1116):(0.66, 1.0, 1.0)
(-197, 66, 1104):(0.0, 1.0, 1.0)
(108, 66, 1116):(0.66, 1.0, 1.0)
(-149, 66, 1105):(0.0, 1.0, 1.0)
(108, 91, 1114):(0.66, 1.0, 1.0)
(-146, 73, 1082):(0.0, 1.0, 1.0)
(82, 80, 1091):(0.66, 1.0, 1.0)
(74, 69, 1109):(0.66, 1.0, 1.0)
(101, 84, 1102):(0.66, 1.0, 1.0)
(58, 80, 1092):(0.66, 1.0, 1.0)
(85, 74, 1087):(0.66, 1.0, 1.0)
(77, 84, 1101):(0.66, 1.0, 1.0)
(86, 71, 1097):(0.66, 1.0, 1.0)
(81, 87, 1111):(0.66, 1.0, 1.0)
(90, 87, 1110):(0.66, 1.0, 1.0)
(90, 69, 1109):(0.66, 1.0, 1.0)
(107, 81, 1102):(0.66, 1.0, 1.0)
(87, 91, 1117):(0.66, 1.0, 1.0)
(85, 77, 1089):(0.66, 1.0, 1.0)
(100, 77, 1091):(0.66, 1.0, 1.0)
(95, 71, 1099):(0.66, 1.0, 1.0)
(84, 91, 1116):(0.66, 1.0, 1.0)
(62, 71, 1098):(0.66, 1.0, 1.0)
(95, 84, 1101):(0.66, 1.0, 1.0)
(96, 69, 1111):(0.66, 1.0, 1.0)
(84, 66, 1113):(0.66, 1.0, 1.0)
(64, 74, 1091):(0.66, 1.0, 1.0)
(63, 66, 1115):(0.66, 1.0, 1.0)
(76, 77, 1087):(0.66, 1.0, 1.0)
(82, 77, 1088):(0.66, 1.0, 1.0)
(81, 66, 1114):(0.66, 1.0, 1.0)
(62, 87, 1111):(0.66, 1.0, 1.0)
(78, 91, 1116):(0.66, 1.0, 1.0)
(-167, 66, 1105):(0.0, 1.0, 1.0)
(-182, 66, 1104):(0.0, 1.0, 1.0)
(-184, 68, 1096):(0.0, 1.0, 1.0)
(-182, 71, 1087):(0.0, 1.0, 1.0)
(-179, 71, 1087):(0.0, 1.0, 1.0)
(-167, 71, 1087):(0.0, 1.0, 1.0)
(-179, 66, 1103):(0.0, 1.0, 1.0)
(-154, 68, 1096):(0.0, 1.0, 1.0)
(-194, 70, 1084):(0.0, 1.0, 1.0)
(-155, 66, 1104):(0.0, 1.0, 1.0)
(-156, 68, 1094):(0.0, 1.0, 1.0)
(-185, 66, 1105):(0.0, 1.0, 1.0)
(-150, 71, 1088):(0.0, 1.0, 1.0)
(-170, 66, 1106):(0.0, 1.0, 1.0)
(-159, 68, 1092):(0.0, 1.0, 1.0)
(-170, 71, 1086):(0.0, 1.0, 1.0)
(-177, 68, 1093):(0.0, 1.0, 1.0)
(-184, 73, 1080):(0.0, 1.0, 1.0)
(-148, 68, 1096):(0.0, 1.0, 1.0)
(-152, 71, 1087):(0.0, 1.0, 1.0)
(-176, 70, 1085):(0.0, 1.0, 1.0)
(-164, 66, 1105):(0.0, 1.0, 1.0)
(-171, 68, 1094):(0.0, 1.0, 1.0)
(-158, 66, 1104):(0.0, 1.0, 1.0)

