(108, 88, 1115):(0.66, 1.0, 1.0)
(-197, 87, 1101):(0.0, 1.0, 1.0)
(60, 88, 1116):(0.66, 1.0, 1.0)
(-204, 66, 1108):(0.0, 1.0, 1.0)
(59, 66, 1112):(0.66, 1.0, 1.0)
(-155, 54, 1110):(0.0, 1.0, 1.0)
(109, 66, 1118):(0.66, 1.0, 1.0)
(-146, 70, 1086):(0.0, 1.0, 1.0)
(62, 84, 1107):(0.66, 1.0, 1.0)
(86, 84, 1107):(0.66, 1.0, 1.0)
(99, 66, 1114):(0.66, 1.0, 1.0)
(102, 66, 1115):(0.66, 1.0, 1.0)
(64, 80, 1093):(0.66, 1.0, 1.0)
(68, 68, 1100):(0.66, 1.0, 1.0)
(73, 77, 1091):(0.66, 1.0, 1.0)
(93, 84, 1109):(0.66, 1.0, 1.0)
(76, 77, 1091):(0.66, 1.0, 1.0)
(64, 71, 1094):(0.66, 1.0, 1.0)
(99, 84, 1110):(0.66, 1.0, 1.0)
(65, 68, 1101):(0.66, 1.0, 1.0)
(70, 71, 1093):(0.66, 1.0, 1.0)
(101, 80, 1100):(0.66, 1.0, 1.0)
(105, 88, 1115):(0.66, 1.0, 1.0)
(97, 77, 1094):(0.66, 1.0, 1.0)
(83, 69, 1104):(0.66, 1.0, 1.0)
(-188, 87, 1102):(0.0, 1.0, 1.0)
(-148, 73, 1080):(0.0, 1.0, 1.0)
(-201, 66, 1107):(0.0, 1.0, 1.0)
(-174, 68, 1091):(0.0, 1.0, 1.0)
(-181, 73, 1079):(0.0, 1.0, 1.0)
(-156, 68, 1093):(0.0, 1.0, 1.0)
(-147, 68, 1094):(0.0, 1.0, 1.0)
(-152, 70, 1086):(0.0, 1.0, 1.0)
(-153, 68, 1094):(0.0, 1.0, 1.0)
(-191, 57, 1104):(0.0, 1.0, 1.0)
(-161, 66, 1105):(0.0, 1.0, 1.0)
(-201, 80, 1093):(0.0, 1.0, 1.0)
(-160, 73, 1079):(0.0, 1.0, 1.0)
(-179, 87, 1102):(0.0, 1.0, 1.0)
(-176, 79, 1087):(0.0, 1.0, 1.0)
(-165, 68, 1092):(0.0, 1.0, 1.0)
(-169, 73, 1081):(0.0, 1.0, 1.0)
(-161, 70, 1083):(0.0, 1.0, 1.0)

