(109, 65, 1092):(0.66, 1.0, 1.0)
(-188, 62, 1086):(0.0, 1.0, 1.0)
(64, 62, 1091):(0.66, 1.0, 1.0)
(-191, 54, 1105):(0.0, 1.0, 1.0)
(69, 54, 1116):(0.66, 1.0, 1.0)
(-143, 54, 1105):(0.0, 1.0, 1.0)
(114, 60, 1110):(0.66, 1.0, 1.0)
(-140, 62, 1087):(0.0, 1.0, 1.0)
(76, 65, 1091):(0.66, 1.0, 1.0)
(89, 59, 1102):(0.66, 1.0, 1.0)
(84, 57, 1112):(0.66, 1.0, 1.0)
(113, 66, 1103):(0.66, 1.0, 1.0)
(78, 57, 1111):(0.66, 1.0, 1.0)
(112, 54, 1119):(0.66, 1.0, 1.0)
(71, 57, 1110):(0.66, 1.0, 1.0)
(72, 54, 1118):(0.66, 1.0, 1.0)
(94, 62, 1091):(0.66, 1.0, 1.0)
(106, 54, 1121):(0.66, 1.0, 1.0)
(-146, 59, 1086):(0.0, 1.0, 1.0)
(-164, 61, 1084):(0.0, 1.0, 1.0)
(-152, 59, 1086):(0.0, 1.0, 1.0)
(-158, 59, 1088):(0.0, 1.0, 1.0)
(-141, 59, 1089):(0.0, 1.0, 1.0)
(-182, 61, 1084):(0.0, 1.0, 1.0)
(-152, 61, 1082):(0.0, 1.0, 1.0)
(-175, 53, 1101):(0.0, 1.0, 1.0)
(-179, 56, 1088):(0.0, 1.0, 1.0)

