(59, 97, 1112):(0.66, 1.0, 1.0)
(-195, 86, 1095):(0.0, 1.0, 1.0)
(59, 75, 1102):(0.66, 1.0, 1.0)
(-195, 68, 1094):(0.0, 1.0, 1.0)
(104, 75, 1105):(0.66, 1.0, 1.0)
(-148, 68, 1098):(0.0, 1.0, 1.0)
(105, 96, 1111):(0.66, 1.0, 1.0)
(-147, 86, 1094):(0.0, 1.0, 1.0)
(98, 93, 1103):(0.66, 1.0, 1.0)
(71, 93, 1106):(0.66, 1.0, 1.0)
(80, 93, 1107):(0.66, 1.0, 1.0)
(62, 89, 1096):(0.66, 1.0, 1.0)
(72, 97, 1112):(0.66, 1.0, 1.0)
(86, 93, 1104):(0.66, 1.0, 1.0)
(97, 83, 1088):(0.66, 1.0, 1.0)
(100, 86, 1088):(0.66, 1.0, 1.0)
(61, 77, 1092):(0.66, 1.0, 1.0)
(95, 93, 1103):(0.66, 1.0, 1.0)
(95, 77, 1097):(0.66, 1.0, 1.0)
(104, 93, 1101):(0.66, 1.0, 1.0)
(79, 82, 1084):(0.66, 1.0, 1.0)
(94, 80, 1088):(0.66, 1.0, 1.0)
(64, 82, 1085):(0.66, 1.0, 1.0)
(69, 97, 1112):(0.66, 1.0, 1.0)
(70, 85, 1085):(0.66, 1.0, 1.0)
(100, 80, 1088):(0.66, 1.0, 1.0)
(76, 86, 1088):(0.66, 1.0, 1.0)
(68, 75, 1105):(0.66, 1.0, 1.0)
(80, 75, 1103):(0.66, 1.0, 1.0)
(93, 96, 1110):(0.66, 1.0, 1.0)
(83, 93, 1107):(0.66, 1.0, 1.0)
(59, 89, 1099):(0.66, 1.0, 1.0)
(70, 82, 1084):(0.66, 1.0, 1.0)
(81, 97, 1112):(0.66, 1.0, 1.0)
(104, 78, 1102):(0.66, 1.0, 1.0)
(94, 89, 1095):(0.66, 1.0, 1.0)
(98, 89, 1096):(0.66, 1.0, 1.0)
(75, 97, 1111):(0.66, 1.0, 1.0)
(67, 80, 1087):(0.66, 1.0, 1.0)
(59, 93, 1109):(0.66, 1.0, 1.0)
(89, 75, 1106):(0.66, 1.0, 1.0)
(101, 77, 1100):(0.66, 1.0, 1.0)
(74, 89, 1096):(0.66, 1.0, 1.0)
(73, 85, 1087):(0.66, 1.0, 1.0)
(79, 86, 1088):(0.66, 1.0, 1.0)
(101, 75, 1103):(0.66, 1.0, 1.0)
(68, 77, 1097):(0.66, 1.0, 1.0)
(71, 77, 1096):(0.66, 1.0, 1.0)
(97, 86, 1089):(0.66, 1.0, 1.0)
(-180, 76, 1076):(0.0, 1.0, 1.0)
(-175, 68, 1096):(0.0, 1.0, 1.0)
(-183, 86, 1094):(0.0, 1.0, 1.0)
(-192, 86, 1094):(0.0, 1.0, 1.0)
(-184, 68, 1099):(0.0, 1.0, 1.0)
(-172, 73, 1081):(0.0, 1.0, 1.0)
(-162, 86, 1091):(0.0, 1.0, 1.0)
(-175, 73, 1080):(0.0, 1.0, 1.0)
(-172, 79, 1078):(0.0, 1.0, 1.0)
(-165, 86, 1092):(0.0, 1.0, 1.0)
(-163, 73, 1078):(0.0, 1.0, 1.0)
(-181, 68, 1098):(0.0, 1.0, 1.0)
(-155, 82, 1085):(0.0, 1.0, 1.0)
(-191, 71, 1087):(0.0, 1.0, 1.0)
(-192, 68, 1094):(0.0, 1.0, 1.0)
(-148, 79, 1079):(0.0, 1.0, 1.0)
(-150, 71, 1092):(0.0, 1.0, 1.0)
(-172, 76, 1079):(0.0, 1.0, 1.0)
(-163, 76, 1076):(0.0, 1.0, 1.0)
(-179, 82, 1084):(0.0, 1.0, 1.0)
(-157, 76, 1077):(0.0, 1.0, 1.0)
(-168, 71, 1090):(0.0, 1.0, 1.0)
(-167, 82, 1084):(0.0, 1.0, 1.0)
(-181, 73, 1078):(0.0, 1.0, 1.0)
(-192, 79, 1078):(0.0, 1.0, 1.0)
(-177, 76, 1075):(0.0, 1.0, 1.0)
(-160, 68, 1098):(0.0, 1.0, 1.0)
(-154, 73, 1080):(0.0, 1.0, 1.0)
(-160, 79, 1076):(0.0, 1.0, 1.0)
(-166, 76, 1076):(0.0, 1.0, 1.0)
(-153, 71, 1092):(0.0, 1.0, 1.0)
(-170, 82, 1084):(0.0, 1.0, 1.0)
(-151, 76, 1079):(0.0, 1.0, 1.0)
(-186, 86, 1094):(0.0, 1.0, 1.0)
(-157, 68, 1099):(0.0, 1.0, 1.0)
(-192, 73, 1078):(0.0, 1.0, 1.0)
(-151, 73, 1080):(0.0, 1.0, 1.0)
(-160, 73, 1079):(0.0, 1.0, 1.0)
(-146, 82, 1086):(0.0, 1.0, 1.0)

