(59, 90, 1107):(0.66, 1.0, 1.0)
(-195, 83, 1092):(0.0, 1.0, 1.0)
(59, 72, 1108):(0.66, 1.0, 1.0)
(-197, 66, 1104):(0.0, 1.0, 1.0)
(108, 72, 1115):(0.66, 1.0, 1.0)
(-149, 66, 1104):(0.0, 1.0, 1.0)
(108, 90, 1109):(0.66, 1.0, 1.0)
(-147, 83, 1092):(0.0, 1.0, 1.0)
(95, 90, 1106):(0.66, 1.0, 1.0)
(96, 72, 1109):(0.66, 1.0, 1.0)
(94, 86, 1094):(0.66, 1.0, 1.0)
(82, 80, 1088):(0.66, 1.0, 1.0)
(80, 72, 1109):(0.66, 1.0, 1.0)
(89, 74, 1098):(0.66, 1.0, 1.0)
(107, 83, 1099):(0.66, 1.0, 1.0)
(91, 86, 1094):(0.66, 1.0, 1.0)
(58, 79, 1086):(0.66, 1.0, 1.0)
(80, 74, 1100):(0.66, 1.0, 1.0)
(91, 80, 1087):(0.66, 1.0, 1.0)
(90, 72, 1109):(0.66, 1.0, 1.0)
(89, 90, 1107):(0.66, 1.0, 1.0)
(77, 72, 1109):(0.66, 1.0, 1.0)
(100, 86, 1095):(0.66, 1.0, 1.0)
(68, 72, 1108):(0.66, 1.0, 1.0)
(91, 77, 1092):(0.66, 1.0, 1.0)
(83, 86, 1097):(0.66, 1.0, 1.0)
(68, 90, 1105):(0.66, 1.0, 1.0)
(61, 83, 1087):(0.66, 1.0, 1.0)
(99, 72, 1110):(0.66, 1.0, 1.0)
(62, 90, 1105):(0.66, 1.0, 1.0)
(58, 86, 1096):(0.66, 1.0, 1.0)
(95, 74, 1099):(0.66, 1.0, 1.0)
(76, 83, 1091):(0.66, 1.0, 1.0)
(80, 90, 1107):(0.66, 1.0, 1.0)
(85, 79, 1086):(0.66, 1.0, 1.0)
(67, 83, 1089):(0.66, 1.0, 1.0)
(108, 75, 1109):(0.66, 1.0, 1.0)
(-184, 76, 1080):(0.0, 1.0, 1.0)
(-162, 68, 1094):(0.0, 1.0, 1.0)
(-169, 76, 1080):(0.0, 1.0, 1.0)
(-178, 76, 1081):(0.0, 1.0, 1.0)
(-185, 66, 1103):(0.0, 1.0, 1.0)
(-181, 70, 1081):(0.0, 1.0, 1.0)
(-190, 79, 1082):(0.0, 1.0, 1.0)
(-146, 71, 1086):(0.0, 1.0, 1.0)
(-166, 76, 1081):(0.0, 1.0, 1.0)
(-174, 83, 1093):(0.0, 1.0, 1.0)
(-182, 66, 1103):(0.0, 1.0, 1.0)
(-160, 73, 1077):(0.0, 1.0, 1.0)
(-150, 83, 1092):(0.0, 1.0, 1.0)
(-161, 66, 1105):(0.0, 1.0, 1.0)
(-157, 76, 1079):(0.0, 1.0, 1.0)
(-186, 68, 1092):(0.0, 1.0, 1.0)
(-157, 73, 1077):(0.0, 1.0, 1.0)
(-191, 66, 1102):(0.0, 1.0, 1.0)
(-194, 66, 1103):(0.0, 1.0, 1.0)
(-154, 79, 1080):(0.0, 1.0, 1.0)
(-177, 73, 1077):(0.0, 1.0, 1.0)
(-163, 79, 1081):(0.0, 1.0, 1.0)
(-183, 73, 1077):(0.0, 1.0, 1.0)
(-187, 79, 1082):(0.0, 1.0, 1.0)
(-167, 66, 1106):(0.0, 1.0, 1.0)
(-174, 68, 1094):(0.0, 1.0, 1.0)
(-172, 76, 1081):(0.0, 1.0, 1.0)
(-154, 73, 1078):(0.0, 1.0, 1.0)
(-169, 68, 1096):(0.0, 1.0, 1.0)
(-179, 66, 1102):(0.0, 1.0, 1.0)

