(204, -60, 1104):(0.66, 1.0, 1.0)
(382, 94, 1022):(0.0, 1.0, 1.0)
(170, -82, 1115):(0.66, 1.0, 1.0)
(350, 67, 1035):(0.0, 1.0, 1.0)
(181, -102, 1128):(0.66, 1.0, 1.0)
(353, 64, 1036):(0.0, 1.0, 1.0)
(219, -76, 1118):(0.66, 1.0, 1.0)
(387, 92, 1027):(0.0, 1.0, 1.0)
(215, -66, 1100):(0.66, 1.0, 1.0)
(187, -82, 1110):(0.66, 1.0, 1.0)
(172, -102, 1134):(0.66, 1.0, 1.0)
(205, -102, 1128):(0.66, 1.0, 1.0)
(215, -63, 1099):(0.66, 1.0, 1.0)
(192, -82, 1105):(0.66, 1.0, 1.0)
(175, -73, 1111):(0.66, 1.0, 1.0)
(219, -89, 1119):(0.66, 1.0, 1.0)
(198, -69, 1105):(0.66, 1.0, 1.0)
(175, -79, 1113):(0.66, 1.0, 1.0)
(356, 87, 1035):(0.0, 1.0, 1.0)
(367, 84, 1028):(0.0, 1.0, 1.0)
(390, 68, 1051):(0.0, 1.0, 1.0)
(381, 89, 1027):(0.0, 1.0, 1.0)
(379, 81, 1036):(0.0, 1.0, 1.0)
(372, 92, 1025):(0.0, 1.0, 1.0)
(349, 87, 1031):(0.0, 1.0, 1.0)
(360, 68, 1040):(0.0, 1.0, 1.0)
(389, 79, 1048):(0.0, 1.0, 1.0)
(361, 84, 1035):(0.0, 1.0, 1.0)
