(32, -49, 1110):(0.66, 1.0, 1.0)
(214, 115, 1062):(0.0, 1.0, 1.0)
(2, -80, 1122):(0.66, 1.0, 1.0)
(185, 81, 1065):(0.0, 1.0, 1.0)
(14, -93, 1133):(0.66, 1.0, 1.0)
(193, 79, 1075):(0.0, 1.0, 1.0)
(45, -61, 1121):(0.66, 1.0, 1.0)
(219, 109, 1058):(0.0, 1.0, 1.0)
(2, -58, 1108):(0.66, 1.0, 1.0)
(8, -55, 1109):(0.66, 1.0, 1.0)
(14, -85, 1114):(0.66, 1.0, 1.0)
(5, -51, 1109):(0.66, 1.0, 1.0)
(2, -48, 1108):(0.66, 1.0, 1.0)
(8, -48, 1108):(0.66, 1.0, 1.0)
(5, -83, 1120):(0.66, 1.0, 1.0)
(33, -81, 1133):(0.66, 1.0, 1.0)
(26, -64, 1112):(0.66, 1.0, 1.0)
(33, -93, 1134):(0.66, 1.0, 1.0)
(11, -76, 1115):(0.66, 1.0, 1.0)
(17, -82, 1115):(0.66, 1.0, 1.0)
(17, -64, 1116):(0.66, 1.0, 1.0)
(17, -73, 1109):(0.66, 1.0, 1.0)
(26, -67, 1112):(0.66, 1.0, 1.0)
(2, -93, 1138):(0.66, 1.0, 1.0)
(14, -64, 1116):(0.66, 1.0, 1.0)
(11, -55, 1110):(0.66, 1.0, 1.0)
(8, -93, 1131):(0.66, 1.0, 1.0)
(42, -74, 1130):(0.66, 1.0, 1.0)
(42, -68, 1126):(0.66, 1.0, 1.0)
(2, -83, 1128):(0.66, 1.0, 1.0)
(2, -61, 1109):(0.66, 1.0, 1.0)
(5, -58, 1109):(0.66, 1.0, 1.0)
(42, -90, 1134):(0.66, 1.0, 1.0)
(5, -93, 1135):(0.66, 1.0, 1.0)
(14, -54, 1108):(0.66, 1.0, 1.0)
(8, -67, 1110):(0.66, 1.0, 1.0)
(5, -73, 1117):(0.66, 1.0, 1.0)
(14, -67, 1114):(0.66, 1.0, 1.0)
(219, 107, 1061):(0.0, 1.0, 1.0)
(218, 91, 1085):(0.0, 1.0, 1.0)
(193, 86, 1063):(0.0, 1.0, 1.0)
(214, 101, 1063):(0.0, 1.0, 1.0)
(208, 104, 1060):(0.0, 1.0, 1.0)
(216, 83, 1088):(0.0, 1.0, 1.0)
(208, 116, 1065):(0.0, 1.0, 1.0)
(213, 106, 1058):(0.0, 1.0, 1.0)
(210, 93, 1075):(0.0, 1.0, 1.0)
(224, 85, 1086):(0.0, 1.0, 1.0)
(188, 84, 1064):(0.0, 1.0, 1.0)
(196, 92, 1062):(0.0, 1.0, 1.0)
(201, 98, 1059):(0.0, 1.0, 1.0)
(199, 101, 1063):(0.0, 1.0, 1.0)
(191, 104, 1065):(0.0, 1.0, 1.0)
(215, 91, 1084):(0.0, 1.0, 1.0)
(211, 112, 1061):(0.0, 1.0, 1.0)
(216, 109, 1059):(0.0, 1.0, 1.0)
(202, 101, 1060):(0.0, 1.0, 1.0)
(216, 112, 1057):(0.0, 1.0, 1.0)
(213, 88, 1086):(0.0, 1.0, 1.0)
(207, 82, 1087):(0.0, 1.0, 1.0)
(197, 107, 1065):(0.0, 1.0, 1.0)
(224, 100, 1082):(0.0, 1.0, 1.0)
(217, 104, 1064):(0.0, 1.0, 1.0)
(186, 93, 1069):(0.0, 1.0, 1.0)
(188, 98, 1067):(0.0, 1.0, 1.0)
(184, 112, 1056):(0.0, 1.0, 1.0)
(220, 116, 1065):(0.0, 1.0, 1.0)
(207, 90, 1075):(0.0, 1.0, 1.0)

