(32, -49, 1112):(0.66, 1.0, 1.0)
(215, 112, 1056):(0.0, 1.0, 1.0)
(-1, -84, 1135):(0.66, 1.0, 1.0)
(180, 81, 1070):(0.0, 1.0, 1.0)
(5, -86, 1120):(0.66, 1.0, 1.0)
(183, 75, 1071):(0.0, 1.0, 1.0)
(38, -52, 1113):(0.66, 1.0, 1.0)
(219, 107, 1060):(0.0, 1.0, 1.0)
(8, -48, 1109):(0.66, 1.0, 1.0)
(2, -61, 1113):(0.66, 1.0, 1.0)
(2, -73, 1119):(0.66, 1.0, 1.0)
(-1, -55, 1111):(0.66, 1.0, 1.0)
(11, -61, 1114):(0.66, 1.0, 1.0)
(20, -54, 1106):(0.66, 1.0, 1.0)
(11, -85, 1115):(0.66, 1.0, 1.0)
(23, -70, 1110):(0.66, 1.0, 1.0)
(2, -64, 1115):(0.66, 1.0, 1.0)
(11, -70, 1115):(0.66, 1.0, 1.0)
(-1, -70, 1114):(0.66, 1.0, 1.0)
(20, -61, 1113):(0.66, 1.0, 1.0)
(14, -61, 1114):(0.66, 1.0, 1.0)
(5, -55, 1110):(0.66, 1.0, 1.0)
(11, -67, 1112):(0.66, 1.0, 1.0)
(29, -80, 1132):(0.66, 1.0, 1.0)
(17, -86, 1125):(0.66, 1.0, 1.0)
(39, -74, 1129):(0.66, 1.0, 1.0)
(2, -83, 1127):(0.66, 1.0, 1.0)
(5, -77, 1122):(0.66, 1.0, 1.0)
(2, -49, 1112):(0.66, 1.0, 1.0)
(8, -61, 1112):(0.66, 1.0, 1.0)
(26, -73, 1112):(0.66, 1.0, 1.0)
(8, -85, 1116):(0.66, 1.0, 1.0)
(5, -73, 1119):(0.66, 1.0, 1.0)
(14, -55, 1110):(0.66, 1.0, 1.0)
(17, -61, 1113):(0.66, 1.0, 1.0)
(5, -49, 1111):(0.66, 1.0, 1.0)
(38, -67, 1120):(0.66, 1.0, 1.0)
(32, -64, 1110):(0.66, 1.0, 1.0)
(38, -64, 1114):(0.66, 1.0, 1.0)
(35, -49, 1113):(0.66, 1.0, 1.0)
(20, -70, 1112):(0.66, 1.0, 1.0)
(14, -73, 1112):(0.66, 1.0, 1.0)
(-1, -67, 1112):(0.66, 1.0, 1.0)
(-1, -64, 1113):(0.66, 1.0, 1.0)
(23, -61, 1112):(0.66, 1.0, 1.0)
(38, -58, 1108):(0.66, 1.0, 1.0)
(23, -58, 1110):(0.66, 1.0, 1.0)
(20, -73, 1109):(0.66, 1.0, 1.0)
(215, 85, 1085):(0.0, 1.0, 1.0)
(207, 101, 1059):(0.0, 1.0, 1.0)
(219, 83, 1087):(0.0, 1.0, 1.0)
(213, 104, 1059):(0.0, 1.0, 1.0)
(201, 79, 1086):(0.0, 1.0, 1.0)
(179, 110, 1062):(0.0, 1.0, 1.0)
(182, 98, 1064):(0.0, 1.0, 1.0)
(210, 101, 1058):(0.0, 1.0, 1.0)
(179, 95, 1063):(0.0, 1.0, 1.0)
(225, 79, 1086):(0.0, 1.0, 1.0)
(181, 112, 1059):(0.0, 1.0, 1.0)
(210, 80, 1088):(0.0, 1.0, 1.0)
(207, 83, 1088):(0.0, 1.0, 1.0)
(184, 104, 1060):(0.0, 1.0, 1.0)
(196, 110, 1063):(0.0, 1.0, 1.0)
(190, 109, 1059):(0.0, 1.0, 1.0)
(184, 112, 1059):(0.0, 1.0, 1.0)
(217, 97, 1078):(0.0, 1.0, 1.0)
(215, 91, 1083):(0.0, 1.0, 1.0)
(195, 99, 1069):(0.0, 1.0, 1.0)
(208, 90, 1076):(0.0, 1.0, 1.0)
(210, 83, 1089):(0.0, 1.0, 1.0)
(187, 109, 1060):(0.0, 1.0, 1.0)
(196, 82, 1075):(0.0, 1.0, 1.0)
(189, 99, 1068):(0.0, 1.0, 1.0)
(198, 84, 1070):(0.0, 1.0, 1.0)
(214, 94, 1081):(0.0, 1.0, 1.0)
(190, 106, 1059):(0.0, 1.0, 1.0)
(221, 94, 1085):(0.0, 1.0, 1.0)
(222, 88, 1087):(0.0, 1.0, 1.0)
(188, 84, 1063):(0.0, 1.0, 1.0)
(190, 76, 1077):(0.0, 1.0, 1.0)
(203, 104, 1066):(0.0, 1.0, 1.0)
(200, 90, 1065):(0.0, 1.0, 1.0)
(205, 101, 1060):(0.0, 1.0, 1.0)
(199, 112, 1059):(0.0, 1.0, 1.0)
(221, 91, 1084):(0.0, 1.0, 1.0)
(204, 90, 1070):(0.0, 1.0, 1.0)
(180, 75, 1070):(0.0, 1.0, 1.0)
(206, 93, 1069):(0.0, 1.0, 1.0)
