(189, -82, 1107):(0.66, 1.0, 1.0)
(381, 97, 1021):(0.0, 1.0, 1.0)
(178, -94, 1112):(0.66, 1.0, 1.0)
(348, 67, 1036):(0.0, 1.0, 1.0)
(182, -98, 1117):(0.66, 1.0, 1.0)
(350, 64, 1036):(0.0, 1.0, 1.0)
(192, -85, 1104):(0.66, 1.0, 1.0)
(392, 93, 1033):(0.0, 1.0, 1.0)
(179, -98, 1117):(0.66, 1.0, 1.0)
(184, -85, 1108):(0.66, 1.0, 1.0)
(193, -88, 1111):(0.66, 1.0, 1.0)
(181, -85, 1112):(0.66, 1.0, 1.0)
(188, -95, 1117):(0.66, 1.0, 1.0)
(194, -92, 1118):(0.66, 1.0, 1.0)
(196, -99, 1126):(0.66, 1.0, 1.0)
(193, -99, 1127):(0.66, 1.0, 1.0)
(187, -82, 1110):(0.66, 1.0, 1.0)
(181, -82, 1114):(0.66, 1.0, 1.0)
(190, -91, 1113):(0.66, 1.0, 1.0)
(178, -91, 1109):(0.66, 1.0, 1.0)
(178, -85, 1114):(0.66, 1.0, 1.0)
(186, -91, 1107):(0.66, 1.0, 1.0)
(180, -91, 1107):(0.66, 1.0, 1.0)
(181, -88, 1110):(0.66, 1.0, 1.0)
(183, -88, 1107):(0.66, 1.0, 1.0)
(186, -88, 1106):(0.66, 1.0, 1.0)
(189, -85, 1104):(0.66, 1.0, 1.0)
(186, -98, 1121):(0.66, 1.0, 1.0)
(346, 89, 1031):(0.0, 1.0, 1.0)
(396, 76, 1045):(0.0, 1.0, 1.0)
(362, 84, 1029):(0.0, 1.0, 1.0)
(354, 79, 1038):(0.0, 1.0, 1.0)
(395, 88, 1043):(0.0, 1.0, 1.0)
(376, 97, 1022):(0.0, 1.0, 1.0)
(350, 81, 1036):(0.0, 1.0, 1.0)
(367, 86, 1028):(0.0, 1.0, 1.0)
(357, 87, 1032):(0.0, 1.0, 1.0)
(355, 90, 1032):(0.0, 1.0, 1.0)
(396, 82, 1044):(0.0, 1.0, 1.0)
(347, 81, 1035):(0.0, 1.0, 1.0)
(372, 98, 1026):(0.0, 1.0, 1.0)
(350, 67, 1035):(0.0, 1.0, 1.0)
(378, 71, 1049):(0.0, 1.0, 1.0)
(393, 82, 1045):(0.0, 1.0, 1.0)
(350, 73, 1035):(0.0, 1.0, 1.0)
(360, 97, 1024):(0.0, 1.0, 1.0)
(397, 74, 1047):(0.0, 1.0, 1.0)
(383, 80, 1048):(0.0, 1.0, 1.0)
