(38, -51, 1108):(0.66, 1.0, 1.0)
(216, 109, 1057):(0.0, 1.0, 1.0)
(8, -85, 1115):(0.66, 1.0, 1.0)
(180, 81, 1068):(0.0, 1.0, 1.0)
(14, -93, 1135):(0.66, 1.0, 1.0)
(182, 78, 1064):(0.0, 1.0, 1.0)
(44, -61, 1115):(0.66, 1.0, 1.0)
(219, 107, 1060):(0.0, 1.0, 1.0)
(44, -51, 1106):(0.66, 1.0, 1.0)
(8, -70, 1116):(0.66, 1.0, 1.0)
(42, -86, 1130):(0.66, 1.0, 1.0)
(17, -64, 1115):(0.66, 1.0, 1.0)
(8, -67, 1110):(0.66, 1.0, 1.0)
(29, -52, 1111):(0.66, 1.0, 1.0)
(23, -64, 1109):(0.66, 1.0, 1.0)
(20, -93, 1135):(0.66, 1.0, 1.0)
(17, -79, 1110):(0.66, 1.0, 1.0)
(11, -76, 1114):(0.66, 1.0, 1.0)
(23, -90, 1136):(0.66, 1.0, 1.0)
(36, -93, 1133):(0.66, 1.0, 1.0)
(17, -90, 1132):(0.66, 1.0, 1.0)
(23, -58, 1113):(0.66, 1.0, 1.0)
(11, -79, 1111):(0.66, 1.0, 1.0)
(42, -77, 1133):(0.66, 1.0, 1.0)
(39, -86, 1129):(0.66, 1.0, 1.0)
(11, -93, 1130):(0.66, 1.0, 1.0)
(14, -86, 1117):(0.66, 1.0, 1.0)
(29, -80, 1131):(0.66, 1.0, 1.0)
(11, -64, 1112):(0.66, 1.0, 1.0)
(11, -70, 1116):(0.66, 1.0, 1.0)
(39, -74, 1131):(0.66, 1.0, 1.0)
(20, -55, 1109):(0.66, 1.0, 1.0)
(23, -61, 1111):(0.66, 1.0, 1.0)
(14, -70, 1117):(0.66, 1.0, 1.0)
(17, -82, 1116):(0.66, 1.0, 1.0)
(23, -55, 1110):(0.66, 1.0, 1.0)
(17, -51, 1108):(0.66, 1.0, 1.0)
(26, -55, 1110):(0.66, 1.0, 1.0)
(32, -64, 1108):(0.66, 1.0, 1.0)
(20, -73, 1110):(0.66, 1.0, 1.0)
(20, -64, 1113):(0.66, 1.0, 1.0)
(8, -79, 1114):(0.66, 1.0, 1.0)
(23, -80, 1120):(0.66, 1.0, 1.0)
(23, -83, 1131):(0.66, 1.0, 1.0)
(42, -71, 1129):(0.66, 1.0, 1.0)
(23, -93, 1134):(0.66, 1.0, 1.0)
(17, -58, 1112):(0.66, 1.0, 1.0)
(45, -93, 1133):(0.66, 1.0, 1.0)
(29, -64, 1108):(0.66, 1.0, 1.0)
(26, -73, 1111):(0.66, 1.0, 1.0)
(8, -64, 1110):(0.66, 1.0, 1.0)
(35, -61, 1108):(0.66, 1.0, 1.0)
(30, -90, 1135):(0.66, 1.0, 1.0)
(38, -64, 1113):(0.66, 1.0, 1.0)
(11, -55, 1110):(0.66, 1.0, 1.0)
(23, -87, 1135):(0.66, 1.0, 1.0)
(14, -79, 1109):(0.66, 1.0, 1.0)
(33, -93, 1134):(0.66, 1.0, 1.0)
(199, 92, 1062):(0.0, 1.0, 1.0)
(180, 93, 1068):(0.0, 1.0, 1.0)
(196, 110, 1061):(0.0, 1.0, 1.0)
(207, 101, 1059):(0.0, 1.0, 1.0)
(194, 104, 1064):(0.0, 1.0, 1.0)
(179, 78, 1066):(0.0, 1.0, 1.0)
(196, 107, 1063):(0.0, 1.0, 1.0)
(178, 106, 1058):(0.0, 1.0, 1.0)
(188, 87, 1064):(0.0, 1.0, 1.0)
(178, 109, 1058):(0.0, 1.0, 1.0)
(197, 101, 1067):(0.0, 1.0, 1.0)
(184, 101, 1060):(0.0, 1.0, 1.0)
(205, 107, 1061):(0.0, 1.0, 1.0)
(185, 84, 1064):(0.0, 1.0, 1.0)
(216, 80, 1087):(0.0, 1.0, 1.0)
(191, 92, 1065):(0.0, 1.0, 1.0)
(213, 103, 1058):(0.0, 1.0, 1.0)
(190, 89, 1062):(0.0, 1.0, 1.0)
(178, 101, 1058):(0.0, 1.0, 1.0)
(212, 106, 1055):(0.0, 1.0, 1.0)
(218, 101, 1067):(0.0, 1.0, 1.0)
(208, 110, 1064):(0.0, 1.0, 1.0)
(208, 98, 1062):(0.0, 1.0, 1.0)
(221, 104, 1067):(0.0, 1.0, 1.0)
(181, 101, 1058):(0.0, 1.0, 1.0)
(185, 87, 1067):(0.0, 1.0, 1.0)
(218, 94, 1084):(0.0, 1.0, 1.0)
(210, 101, 1059):(0.0, 1.0, 1.0)
(200, 101, 1065):(0.0, 1.0, 1.0)
(217, 96, 1077):(0.0, 1.0, 1.0)
(183, 87, 1070):(0.0, 1.0, 1.0)
(198, 84, 1069):(0.0, 1.0, 1.0)
(202, 101, 1062):(0.0, 1.0, 1.0)
(221, 94, 1083):(0.0, 1.0, 1.0)
(209, 82, 1084):(0.0, 1.0, 1.0)
(203, 90, 1066):(0.0, 1.0, 1.0)
(185, 98, 1065):(0.0, 1.0, 1.0)
(180, 87, 1071):(0.0, 1.0, 1.0)
(187, 109, 1056):(0.0, 1.0, 1.0)
(224, 100, 1082):(0.0, 1.0, 1.0)
(224, 91, 1082):(0.0, 1.0, 1.0)
(218, 88, 1085):(0.0, 1.0, 1.0)
(210, 104, 1059):(0.0, 1.0, 1.0)
(220, 97, 1081):(0.0, 1.0, 1.0)
(219, 83, 1089):(0.0, 1.0, 1.0)
(216, 82, 1087):(0.0, 1.0, 1.0)
(196, 79, 1077):(0.0, 1.0, 1.0)
(178, 104, 1059):(0.0, 1.0, 1.0)
(179, 95, 1064):(0.0, 1.0, 1.0)
(205, 104, 1062):(0.0, 1.0, 1.0)

