(1, 172, 970):(0.66, 1.0, 1.0)
(-253, 182, 981):(0.0, 1.0, 1.0)
(0, 173, 1043):(0.66, 1.0, 1.0)
(-276, 178, 1069):(0.0, 1.0, 1.0)
(49, 177, 1083):(0.66, 1.0, 1.0)
(-219, 177, 1065):(0.0, 1.0, 1.0)
(47, 170, 987):(0.66, 1.0, 1.0)
(-201, 181, 975):(0.0, 1.0, 1.0)
(4, 172, 970):(0.66, 1.0, 1.0)
(7, 168, 978):(0.66, 1.0, 1.0)
(9, 170, 974):(0.66, 1.0, 1.0)
(16, 174, 1044):(0.66, 1.0, 1.0)
(39, 170, 977):(0.66, 1.0, 1.0)
(12, 172, 972):(0.66, 1.0, 1.0)
(7, 170, 976):(0.66, 1.0, 1.0)
(41, 173, 974):(0.66, 1.0, 1.0)
(1, 174, 1045):(0.66, 1.0, 1.0)
(40, 169, 1000):(0.66, 1.0, 1.0)
(20, 170, 976):(0.66, 1.0, 1.0)
(4, 170, 974):(0.66, 1.0, 1.0)
(33, 174, 1046):(0.66, 1.0, 1.0)
(13, 174, 1045):(0.66, 1.0, 1.0)
(15, 172, 972):(0.66, 1.0, 1.0)
(31, 169, 999):(0.66, 1.0, 1.0)
(36, 174, 1047):(0.66, 1.0, 1.0)
(0, 176, 1079):(0.66, 1.0, 1.0)
(37, 169, 1001):(0.66, 1.0, 1.0)
(15, 169, 998):(0.66, 1.0, 1.0)
(25, 177, 1083):(0.66, 1.0, 1.0)
(44, 170, 976):(0.66, 1.0, 1.0)
(33, 170, 974):(0.66, 1.0, 1.0)
(25, 168, 979):(0.66, 1.0, 1.0)
(45, 169, 1002):(0.66, 1.0, 1.0)
(7, 177, 1083):(0.66, 1.0, 1.0)
(0, 170, 973):(0.66, 1.0, 1.0)
(21, 174, 1046):(0.66, 1.0, 1.0)
(42, 169, 999):(0.66, 1.0, 1.0)
(9, 168, 978):(0.66, 1.0, 1.0)
(43, 177, 1082):(0.66, 1.0, 1.0)
(17, 170, 975):(0.66, 1.0, 1.0)
(39, 174, 1048):(0.66, 1.0, 1.0)
(31, 168, 978):(0.66, 1.0, 1.0)
(28, 177, 1081):(0.66, 1.0, 1.0)
(10, 174, 1046):(0.66, 1.0, 1.0)
(33, 172, 971):(0.66, 1.0, 1.0)
(27, 174, 1045):(0.66, 1.0, 1.0)
(7, 169, 999):(0.66, 1.0, 1.0)
(47, 171, 983):(0.66, 1.0, 1.0)
(-232, 170, 973):(0.0, 1.0, 1.0)
(-242, 176, 1061):(0.0, 1.0, 1.0)
(-228, 168, 979):(0.0, 1.0, 1.0)
(-265, 174, 1030):(0.0, 1.0, 1.0)
(-212, 168, 976):(0.0, 1.0, 1.0)
(-240, 169, 982):(0.0, 1.0, 1.0)
(-231, 172, 969):(0.0, 1.0, 1.0)
(-242, 181, 979):(0.0, 1.0, 1.0)
(-205, 172, 970):(0.0, 1.0, 1.0)
(-221, 177, 969):(0.0, 1.0, 1.0)
(-248, 175, 972):(0.0, 1.0, 1.0)
(-240, 175, 972):(0.0, 1.0, 1.0)
(-226, 174, 968):(0.0, 1.0, 1.0)
(-234, 171, 1014):(0.0, 1.0, 1.0)
(-212, 171, 966):(0.0, 1.0, 1.0)
(-208, 169, 971):(0.0, 1.0, 1.0)
(-252, 172, 1019):(0.0, 1.0, 1.0)
(-242, 172, 971):(0.0, 1.0, 1.0)
(-251, 170, 974):(0.0, 1.0, 1.0)
(-235, 170, 972):(0.0, 1.0, 1.0)
(-234, 168, 981):(0.0, 1.0, 1.0)
(-210, 169, 970):(0.0, 1.0, 1.0)
(-223, 168, 979):(0.0, 1.0, 1.0)
(-205, 177, 969):(0.0, 1.0, 1.0)
(-215, 170, 1007):(0.0, 1.0, 1.0)
(-243, 170, 975):(0.0, 1.0, 1.0)
(-227, 169, 971):(0.0, 1.0, 1.0)
(-251, 178, 973):(0.0, 1.0, 1.0)
(-231, 168, 980):(0.0, 1.0, 1.0)
(-221, 176, 1060):(0.0, 1.0, 1.0)
(-225, 168, 978):(0.0, 1.0, 1.0)
(-214, 167, 976):(0.0, 1.0, 1.0)
(-245, 172, 970):(0.0, 1.0, 1.0)
(-212, 174, 968):(0.0, 1.0, 1.0)
(-206, 170, 974):(0.0, 1.0, 1.0)
(-223, 176, 1057):(0.0, 1.0, 1.0)
(-251, 169, 982):(0.0, 1.0, 1.0)
(-203, 180, 974):(0.0, 1.0, 1.0)
(-260, 172, 1021):(0.0, 1.0, 1.0)
(-221, 169, 972):(0.0, 1.0, 1.0)

