(1, 171, 983):(0.66, 1.0, 1.0)
(-275, 198, 1054):(0.0, 1.0, 1.0)
(1, 177, 1062):(0.66, 1.0, 1.0)
(-276, 179, 1059):(0.0, 1.0, 1.0)
(51, 178, 1071):(0.66, 1.0, 1.0)
(-215, 174, 1029):(0.0, 1.0, 1.0)
(48, 174, 995):(0.66, 1.0, 1.0)
(-204, 184, 976):(0.0, 1.0, 1.0)
(34, 172, 984):(0.66, 1.0, 1.0)
(18, 170, 987):(0.66, 1.0, 1.0)
(16, 176, 1061):(0.66, 1.0, 1.0)
(4, 171, 1015):(0.66, 1.0, 1.0)
(22, 177, 1064):(0.66, 1.0, 1.0)
(42, 172, 984):(0.66, 1.0, 1.0)
(44, 172, 984):(0.66, 1.0, 1.0)
(39, 177, 1064):(0.66, 1.0, 1.0)
(48, 177, 1064):(0.66, 1.0, 1.0)
(10, 171, 1013):(0.66, 1.0, 1.0)
(-233, 176, 976):(0.0, 1.0, 1.0)
(-209, 171, 979):(0.0, 1.0, 1.0)
(-222, 184, 976):(0.0, 1.0, 1.0)
(-256, 189, 1004):(0.0, 1.0, 1.0)
(-218, 171, 980):(0.0, 1.0, 1.0)
(-250, 175, 1034):(0.0, 1.0, 1.0)
(-252, 183, 988):(0.0, 1.0, 1.0)
(-215, 171, 979):(0.0, 1.0, 1.0)
(-210, 170, 992):(0.0, 1.0, 1.0)
(-233, 186, 987):(0.0, 1.0, 1.0)

