(1, 170, 975):(0.66, 1.0, 1.0)
(-259, 189, 1005):(0.0, 1.0, 1.0)
(1, 174, 1046):(0.66, 1.0, 1.0)
(-280, 179, 1075):(0.0, 1.0, 1.0)
(50, 175, 1054):(0.66, 1.0, 1.0)
(-228, 177, 1080):(0.0, 1.0, 1.0)
(47, 172, 985):(0.66, 1.0, 1.0)
(-202, 177, 971):(0.0, 1.0, 1.0)
(7, 168, 978):(0.66, 1.0, 1.0)
(39, 168, 980):(0.66, 1.0, 1.0)
(15, 170, 974):(0.66, 1.0, 1.0)
(36, 168, 978):(0.66, 1.0, 1.0)
(4, 168, 979):(0.66, 1.0, 1.0)
(10, 174, 1045):(0.66, 1.0, 1.0)
(30, 174, 1045):(0.66, 1.0, 1.0)
(10, 169, 997):(0.66, 1.0, 1.0)
(31, 168, 978):(0.66, 1.0, 1.0)
(39, 170, 977):(0.66, 1.0, 1.0)
(17, 170, 975):(0.66, 1.0, 1.0)
(29, 169, 1000):(0.66, 1.0, 1.0)
(7, 174, 1045):(0.66, 1.0, 1.0)
(40, 169, 1000):(0.66, 1.0, 1.0)
(37, 169, 999):(0.66, 1.0, 1.0)
(34, 169, 998):(0.66, 1.0, 1.0)
(25, 170, 975):(0.66, 1.0, 1.0)
(20, 169, 999):(0.66, 1.0, 1.0)
(15, 169, 999):(0.66, 1.0, 1.0)
(33, 170, 974):(0.66, 1.0, 1.0)
(-231, 174, 970):(0.0, 1.0, 1.0)
(-238, 170, 974):(0.0, 1.0, 1.0)
(-229, 169, 983):(0.0, 1.0, 1.0)
(-254, 172, 1017):(0.0, 1.0, 1.0)
(-256, 176, 1061):(0.0, 1.0, 1.0)
(-251, 172, 972):(0.0, 1.0, 1.0)
(-248, 176, 1061):(0.0, 1.0, 1.0)
(-206, 180, 973):(0.0, 1.0, 1.0)
(-230, 170, 973):(0.0, 1.0, 1.0)
(-245, 182, 982):(0.0, 1.0, 1.0)
(-215, 177, 970):(0.0, 1.0, 1.0)
(-213, 171, 1010):(0.0, 1.0, 1.0)
(-213, 180, 970):(0.0, 1.0, 1.0)
(-223, 176, 1056):(0.0, 1.0, 1.0)
(-225, 171, 1010):(0.0, 1.0, 1.0)
(-215, 172, 970):(0.0, 1.0, 1.0)
(-212, 182, 967):(0.0, 1.0, 1.0)
(-244, 170, 976):(0.0, 1.0, 1.0)
(-250, 177, 1084):(0.0, 1.0, 1.0)
(-234, 177, 1081):(0.0, 1.0, 1.0)

