(1, 178, 977):(0.66, 1.0, 1.0)
(-260, 187, 1007):(0.0, 1.0, 1.0)
(1, 172, 1054):(0.66, 1.0, 1.0)
(-278, 176, 1077):(0.0, 1.0, 1.0)
(51, 173, 1056):(0.66, 1.0, 1.0)
(-219, 174, 1065):(0.0, 1.0, 1.0)
(48, 184, 1009):(0.66, 1.0, 1.0)
(-200, 180, 972):(0.0, 1.0, 1.0)
(28, 173, 974):(0.66, 1.0, 1.0)
(20, 173, 975):(0.66, 1.0, 1.0)
(7, 180, 986):(0.66, 1.0, 1.0)
(4, 172, 1054):(0.66, 1.0, 1.0)
(36, 172, 1054):(0.66, 1.0, 1.0)
(4, 167, 973):(0.66, 1.0, 1.0)
(26, 167, 1005):(0.66, 1.0, 1.0)
(31, 167, 975):(0.66, 1.0, 1.0)
(12, 182, 997):(0.66, 1.0, 1.0)
(16, 172, 1055):(0.66, 1.0, 1.0)
(36, 173, 976):(0.66, 1.0, 1.0)
(28, 177, 983):(0.66, 1.0, 1.0)
(31, 183, 1001):(0.66, 1.0, 1.0)
(33, 170, 976):(0.66, 1.0, 1.0)
(4, 167, 1002):(0.66, 1.0, 1.0)
(1, 167, 1002):(0.66, 1.0, 1.0)
(43, 184, 1005):(0.66, 1.0, 1.0)
(34, 183, 1002):(0.66, 1.0, 1.0)
(44, 177, 984):(0.66, 1.0, 1.0)
(47, 178, 987):(0.66, 1.0, 1.0)
(10, 167, 1002):(0.66, 1.0, 1.0)
(30, 173, 1056):(0.66, 1.0, 1.0)
(39, 167, 974):(0.66, 1.0, 1.0)
(18, 167, 1003):(0.66, 1.0, 1.0)
(12, 166, 982):(0.66, 1.0, 1.0)
(23, 170, 977):(0.66, 1.0, 1.0)
(15, 172, 973):(0.66, 1.0, 1.0)
(36, 168, 976):(0.66, 1.0, 1.0)
(39, 170, 977):(0.66, 1.0, 1.0)
(7, 176, 981):(0.66, 1.0, 1.0)
(36, 177, 984):(0.66, 1.0, 1.0)
(20, 177, 983):(0.66, 1.0, 1.0)
(26, 177, 984):(0.66, 1.0, 1.0)
(7, 166, 981):(0.66, 1.0, 1.0)
(45, 167, 1005):(0.66, 1.0, 1.0)
(12, 170, 972):(0.66, 1.0, 1.0)
(39, 177, 985):(0.66, 1.0, 1.0)
(4, 179, 981):(0.66, 1.0, 1.0)
(25, 167, 974):(0.66, 1.0, 1.0)
(27, 173, 1056):(0.66, 1.0, 1.0)
(40, 166, 1002):(0.66, 1.0, 1.0)
(20, 166, 981):(0.66, 1.0, 1.0)
(23, 167, 973):(0.66, 1.0, 1.0)
(48, 167, 1007):(0.66, 1.0, 1.0)
(9, 167, 972):(0.66, 1.0, 1.0)
(23, 167, 1004):(0.66, 1.0, 1.0)
(10, 172, 1053):(0.66, 1.0, 1.0)
(12, 167, 973):(0.66, 1.0, 1.0)
(17, 170, 975):(0.66, 1.0, 1.0)
(44, 167, 974):(0.66, 1.0, 1.0)
(-227, 178, 975):(0.0, 1.0, 1.0)
(-214, 167, 973):(0.0, 1.0, 1.0)
(-229, 167, 972):(0.0, 1.0, 1.0)
(-210, 180, 970):(0.0, 1.0, 1.0)
(-254, 180, 984):(0.0, 1.0, 1.0)
(-252, 174, 1066):(0.0, 1.0, 1.0)
(-241, 167, 975):(0.0, 1.0, 1.0)
(-270, 175, 1070):(0.0, 1.0, 1.0)
(-215, 172, 969):(0.0, 1.0, 1.0)
(-227, 175, 973):(0.0, 1.0, 1.0)
(-222, 166, 985):(0.0, 1.0, 1.0)
(-200, 170, 974):(0.0, 1.0, 1.0)
(-232, 172, 971):(0.0, 1.0, 1.0)
(-219, 180, 972):(0.0, 1.0, 1.0)
(-213, 172, 969):(0.0, 1.0, 1.0)
(-246, 185, 997):(0.0, 1.0, 1.0)
(-227, 174, 1062):(0.0, 1.0, 1.0)
(-256, 171, 1027):(0.0, 1.0, 1.0)
(-203, 169, 971):(0.0, 1.0, 1.0)
(-237, 172, 970):(0.0, 1.0, 1.0)
(-254, 171, 1027):(0.0, 1.0, 1.0)
(-236, 178, 977):(0.0, 1.0, 1.0)
(-245, 169, 971):(0.0, 1.0, 1.0)
(-222, 174, 1064):(0.0, 1.0, 1.0)
(-246, 167, 973):(0.0, 1.0, 1.0)
(-223, 171, 968):(0.0, 1.0, 1.0)
(-247, 167, 989):(0.0, 1.0, 1.0)
(-227, 167, 972):(0.0, 1.0, 1.0)
(-240, 175, 973):(0.0, 1.0, 1.0)
(-223, 169, 1014):(0.0, 1.0, 1.0)
(-252, 167, 989):(0.0, 1.0, 1.0)
(-213, 169, 971):(0.0, 1.0, 1.0)
(-238, 169, 1018):(0.0, 1.0, 1.0)
(-238, 175, 973):(0.0, 1.0, 1.0)
(-216, 166, 983):(0.0, 1.0, 1.0)
(-245, 172, 969):(0.0, 1.0, 1.0)
(-208, 180, 971):(0.0, 1.0, 1.0)
(-247, 179, 978):(0.0, 1.0, 1.0)
(-242, 167, 991):(0.0, 1.0, 1.0)
(-201, 167, 975):(0.0, 1.0, 1.0)
(-218, 177, 970):(0.0, 1.0, 1.0)
(-222, 167, 973):(0.0, 1.0, 1.0)
(-246, 175, 974):(0.0, 1.0, 1.0)
(-200, 178, 972):(0.0, 1.0, 1.0)
(-236, 174, 1062):(0.0, 1.0, 1.0)
(-205, 177, 971):(0.0, 1.0, 1.0)
(-242, 169, 970):(0.0, 1.0, 1.0)
(-243, 175, 973):(0.0, 1.0, 1.0)
(-242, 172, 969):(0.0, 1.0, 1.0)
(-250, 179, 979):(0.0, 1.0, 1.0)

