(1, 172, 972):(0.66, 1.0, 1.0)
(-260, 189, 1007):(0.0, 1.0, 1.0)
(0, 173, 1042):(0.66, 1.0, 1.0)
(-273, 177, 1046):(0.0, 1.0, 1.0)
(49, 177, 1083):(0.66, 1.0, 1.0)
(-229, 177, 1081):(0.0, 1.0, 1.0)
(47, 170, 988):(0.66, 1.0, 1.0)
(-203, 181, 974):(0.0, 1.0, 1.0)
(12, 172, 971):(0.66, 1.0, 1.0)
(4, 177, 1081):(0.66, 1.0, 1.0)
(12, 168, 996):(0.66, 1.0, 1.0)
(26, 169, 998):(0.66, 1.0, 1.0)
(42, 168, 981):(0.66, 1.0, 1.0)
(52, 177, 1084):(0.66, 1.0, 1.0)
(4, 170, 973):(0.66, 1.0, 1.0)
(39, 173, 1044):(0.66, 1.0, 1.0)
(43, 177, 1084):(0.66, 1.0, 1.0)
(37, 169, 998):(0.66, 1.0, 1.0)
(9, 170, 974):(0.66, 1.0, 1.0)
(25, 170, 976):(0.66, 1.0, 1.0)
(0, 168, 976):(0.66, 1.0, 1.0)
(45, 169, 1000):(0.66, 1.0, 1.0)
(28, 168, 980):(0.66, 1.0, 1.0)
(33, 172, 974):(0.66, 1.0, 1.0)
(13, 177, 1082):(0.66, 1.0, 1.0)
(1, 169, 998):(0.66, 1.0, 1.0)
(18, 169, 998):(0.66, 1.0, 1.0)
(36, 168, 979):(0.66, 1.0, 1.0)
(50, 175, 1051):(0.66, 1.0, 1.0)
(31, 173, 975):(0.66, 1.0, 1.0)
(10, 177, 1080):(0.66, 1.0, 1.0)
(20, 172, 973):(0.66, 1.0, 1.0)
(28, 177, 1082):(0.66, 1.0, 1.0)
(44, 168, 981):(0.66, 1.0, 1.0)
(13, 173, 1041):(0.66, 1.0, 1.0)
(20, 170, 976):(0.66, 1.0, 1.0)
(0, 172, 972):(0.66, 1.0, 1.0)
(41, 170, 976):(0.66, 1.0, 1.0)
(-248, 182, 982):(0.0, 1.0, 1.0)
(-207, 171, 966):(0.0, 1.0, 1.0)
(-221, 180, 973):(0.0, 1.0, 1.0)
(-260, 177, 1063):(0.0, 1.0, 1.0)
(-244, 172, 968):(0.0, 1.0, 1.0)
(-228, 184, 980):(0.0, 1.0, 1.0)
(-235, 170, 973):(0.0, 1.0, 1.0)
(-252, 170, 977):(0.0, 1.0, 1.0)
(-223, 175, 1055):(0.0, 1.0, 1.0)
(-229, 177, 971):(0.0, 1.0, 1.0)
(-211, 171, 1011):(0.0, 1.0, 1.0)
(-268, 177, 1084):(0.0, 1.0, 1.0)
(-280, 177, 1085):(0.0, 1.0, 1.0)
(-242, 172, 968):(0.0, 1.0, 1.0)
(-256, 176, 1059):(0.0, 1.0, 1.0)
(-224, 170, 1008):(0.0, 1.0, 1.0)
(-202, 172, 969):(0.0, 1.0, 1.0)
(-207, 182, 968):(0.0, 1.0, 1.0)
(-246, 170, 974):(0.0, 1.0, 1.0)
(-246, 178, 973):(0.0, 1.0, 1.0)
(-249, 177, 1082):(0.0, 1.0, 1.0)
(-234, 172, 969):(0.0, 1.0, 1.0)
(-243, 170, 973):(0.0, 1.0, 1.0)
(-203, 177, 972):(0.0, 1.0, 1.0)
(-208, 170, 972):(0.0, 1.0, 1.0)
(-243, 178, 974):(0.0, 1.0, 1.0)
(-227, 181, 975):(0.0, 1.0, 1.0)
(-245, 169, 983):(0.0, 1.0, 1.0)
(-241, 188, 997):(0.0, 1.0, 1.0)
(-253, 182, 982):(0.0, 1.0, 1.0)

