(85, 83, 1088):(0.66, 1.0, 1.0)
(-164, 87, 1103):(0.0, 1.0, 1.0)
(40, 79, 1086):(0.66, 1.0, 1.0)
(-211, 76, 1084):(0.0, 1.0, 1.0)
(44, 69, 1111):(0.66, 1.0, 1.0)
(-211, 56, 1099):(0.0, 1.0, 1.0)
(90, 75, 1111):(0.66, 1.0, 1.0)
(-160, 65, 1097):(0.0, 1.0, 1.0)
(75, 72, 1116):(0.66, 1.0, 1.0)
(56, 69, 1110):(0.66, 1.0, 1.0)
(61, 82, 1087):(0.66, 1.0, 1.0)
(50, 72, 1112):(0.66, 1.0, 1.0)
(50, 69, 1110):(0.66, 1.0, 1.0)
(71, 75, 1108):(0.66, 1.0, 1.0)
(62, 69, 1111):(0.66, 1.0, 1.0)
(56, 72, 1112):(0.66, 1.0, 1.0)
(84, 72, 1116):(0.66, 1.0, 1.0)
(65, 69, 1111):(0.66, 1.0, 1.0)
(46, 79, 1087):(0.66, 1.0, 1.0)
(73, 83, 1089):(0.66, 1.0, 1.0)
(64, 82, 1087):(0.66, 1.0, 1.0)
(73, 80, 1089):(0.66, 1.0, 1.0)
(56, 75, 1105):(0.66, 1.0, 1.0)
(53, 75, 1104):(0.66, 1.0, 1.0)
(53, 69, 1110):(0.66, 1.0, 1.0)
(61, 80, 1087):(0.66, 1.0, 1.0)
(74, 77, 1101):(0.66, 1.0, 1.0)
(59, 69, 1109):(0.66, 1.0, 1.0)
(74, 75, 1109):(0.66, 1.0, 1.0)
(59, 72, 1111):(0.66, 1.0, 1.0)
(49, 82, 1087):(0.66, 1.0, 1.0)
(77, 75, 1110):(0.66, 1.0, 1.0)
(76, 83, 1089):(0.66, 1.0, 1.0)
(43, 77, 1093):(0.66, 1.0, 1.0)
(46, 83, 1088):(0.66, 1.0, 1.0)
(75, 69, 1114):(0.66, 1.0, 1.0)
(69, 69, 1113):(0.66, 1.0, 1.0)
(83, 75, 1107):(0.66, 1.0, 1.0)
(55, 82, 1087):(0.66, 1.0, 1.0)
(80, 75, 1108):(0.66, 1.0, 1.0)
(49, 77, 1095):(0.66, 1.0, 1.0)
(61, 77, 1096):(0.66, 1.0, 1.0)
(47, 69, 1111):(0.66, 1.0, 1.0)
(83, 77, 1096):(0.66, 1.0, 1.0)
(90, 69, 1114):(0.66, 1.0, 1.0)
(67, 80, 1087):(0.66, 1.0, 1.0)
(65, 77, 1097):(0.66, 1.0, 1.0)
(70, 80, 1088):(0.66, 1.0, 1.0)
(46, 77, 1095):(0.66, 1.0, 1.0)
(58, 83, 1087):(0.66, 1.0, 1.0)
(44, 75, 1103):(0.66, 1.0, 1.0)
(55, 80, 1087):(0.66, 1.0, 1.0)
(47, 72, 1111):(0.66, 1.0, 1.0)
(43, 80, 1087):(0.66, 1.0, 1.0)
(62, 75, 1104):(0.66, 1.0, 1.0)
(77, 78, 1101):(0.66, 1.0, 1.0)
(52, 82, 1086):(0.66, 1.0, 1.0)
(86, 77, 1098):(0.66, 1.0, 1.0)
(-193, 83, 1098):(0.0, 1.0, 1.0)
(-166, 63, 1102):(0.0, 1.0, 1.0)
(-185, 79, 1084):(0.0, 1.0, 1.0)
(-214, 65, 1096):(0.0, 1.0, 1.0)
(-172, 70, 1080):(0.0, 1.0, 1.0)
(-200, 56, 1101):(0.0, 1.0, 1.0)
(-166, 70, 1080):(0.0, 1.0, 1.0)
(-175, 83, 1096):(0.0, 1.0, 1.0)
(-157, 73, 1079):(0.0, 1.0, 1.0)
(-189, 73, 1077):(0.0, 1.0, 1.0)
(-184, 70, 1080):(0.0, 1.0, 1.0)
(-160, 62, 1100):(0.0, 1.0, 1.0)
(-187, 83, 1096):(0.0, 1.0, 1.0)
(-163, 65, 1097):(0.0, 1.0, 1.0)
(-171, 83, 1095):(0.0, 1.0, 1.0)
(-169, 86, 1100):(0.0, 1.0, 1.0)
(-185, 67, 1085):(0.0, 1.0, 1.0)
(-170, 79, 1083):(0.0, 1.0, 1.0)
(-163, 70, 1080):(0.0, 1.0, 1.0)
(-163, 62, 1100):(0.0, 1.0, 1.0)
(-185, 87, 1102):(0.0, 1.0, 1.0)
(-175, 76, 1080):(0.0, 1.0, 1.0)
(-188, 67, 1084):(0.0, 1.0, 1.0)
(-209, 80, 1089):(0.0, 1.0, 1.0)
(-205, 76, 1081):(0.0, 1.0, 1.0)
(-178, 67, 1083):(0.0, 1.0, 1.0)
(-160, 59, 1101):(0.0, 1.0, 1.0)
(-212, 87, 1103):(0.0, 1.0, 1.0)
(-196, 62, 1098):(0.0, 1.0, 1.0)
(-182, 79, 1085):(0.0, 1.0, 1.0)
(-215, 59, 1102):(0.0, 1.0, 1.0)
(-211, 84, 1101):(0.0, 1.0, 1.0)
(-208, 76, 1082):(0.0, 1.0, 1.0)
(-158, 68, 1088):(0.0, 1.0, 1.0)
(-210, 70, 1076):(0.0, 1.0, 1.0)
(-201, 73, 1075):(0.0, 1.0, 1.0)
(-194, 79, 1086):(0.0, 1.0, 1.0)
(-196, 59, 1100):(0.0, 1.0, 1.0)
(-176, 60, 1103):(0.0, 1.0, 1.0)
(-185, 59, 1102):(0.0, 1.0, 1.0)
(-209, 87, 1102):(0.0, 1.0, 1.0)
(-172, 65, 1100):(0.0, 1.0, 1.0)
(-167, 60, 1103):(0.0, 1.0, 1.0)
(-196, 67, 1081):(0.0, 1.0, 1.0)
(-208, 62, 1100):(0.0, 1.0, 1.0)
(-206, 59, 1101):(0.0, 1.0, 1.0)
(-212, 59, 1102):(0.0, 1.0, 1.0)
(-160, 70, 1080):(0.0, 1.0, 1.0)
(-206, 80, 1088):(0.0, 1.0, 1.0)
(-195, 65, 1092):(0.0, 1.0, 1.0)
