(167.8248941898346, 171.5475469827652, 933.817446231842):(0.66, 1.0, 1.0)
(183.30542743206024, 171.68354988098145, 934.5577955245972):(0.66, 1.0, 1.0)
(177.6968240737915, 124.27651137113571, 905.9630632400513):(0.66, 1.0, 1.0)
(175.1476228237152, 133.68676602840424, 974.5628237724304):(0.66, 1.0, 1.0)
(182.1034699678421, 168.01664233207703, 928.4297227859497):(0.66, 1.0, 1.0)
(174.6349334716797, 123.86354804039001, 902.9526114463806):(0.66, 1.0, 1.0)
(172.2463071346283, 136.71869039535522, 958.4192037582397):(0.66, 1.0, 1.0)
(167.32452809810638, 168.4703528881073, 917.0668125152588):(0.66, 1.0, 1.0)
(180.87416887283325, 161.8344783782959, 922.1623539924622):(0.66, 1.0, 1.0)
(171.9958782196045, 123.74293059110641, 902.073323726654):(0.66, 1.0, 1.0)
(171.88142240047455, 141.66440069675446, 956.3888907432556):(0.66, 1.0, 1.0)
(168.520987033844, 167.16733574867249, 909.9738001823425):(0.66, 1.0, 1.0)
(179.98667061328888, 156.01718425750732, 917.6375269889832):(0.66, 1.0, 1.0)
(170.9512323141098, 146.10472321510315, 951.2130618095398):(0.66, 1.0, 1.0)
(179.2101114988327, 150.34252405166626, 913.6783480644226):(0.66, 1.0, 1.0)
(170.07236182689667, 124.14110451936722, 904.975950717926):(0.66, 1.0, 1.0)
(169.80639100074768, 150.29841661453247, 944.8429346084595):(0.66, 1.0, 1.0)
(170.61932384967804, 166.78385436534882, 907.8863263130188):(0.66, 1.0, 1.0)
(178.43133211135864, 144.70939338207245, 909.7078442573547):(0.66, 1.0, 1.0)
(169.09393668174744, 125.25108456611633, 913.0675792694092):(0.66, 1.0, 1.0)
(169.17569935321808, 154.89310026168823, 941.3336515426636):(0.66, 1.0, 1.0)
(173.23000729084015, 166.90504550933838, 908.5460305213928):(0.66, 1.0, 1.0)
(177.99118161201477, 139.3849104642868, 907.463788986206):(0.66, 1.0, 1.0)
(168.15000772476196, 159.07567739486694, 935.6264472007751):(0.66, 1.0, 1.0)
(177.9039353132248, 134.35152173042297, 907.0190191268921):(0.66, 1.0, 1.0)
(170.34949362277985, 128.07394564151764, 933.6459636688232):(0.66, 1.0, 1.0)
(167.81872510910034, 163.8738512992859, 933.7830543518066):(0.66, 1.0, 1.0)
(176.8474131822586, 167.97901690006256, 914.3922328948975):(0.66, 1.0, 1.0)
(177.4706244468689, 129.07129526138306, 904.809832572937):(0.66, 1.0, 1.0)
(167.3344075679779, 168.49775612354279, 931.0882687568665):(0.66, 1.0, 1.0)
(172.37570881843567, 156.1841070652008, 904.0654301643372):(0.66, 1.0, 1.0)
(172.94856905937195, 164.15119171142578, 907.0699214935303):(0.66, 1.0, 1.0)
(168.1286245584488, 156.8388193845749, 907.8551530838013):(0.66, 1.0, 1.0)
(172.51627147197723, 158.78795087337494, 904.802680015564):(0.66, 1.0, 1.0)
(174.2013841867447, 128.48658859729767, 900.710940361023):(0.66, 1.0, 1.0)
(174.6918112039566, 126.37610733509064, 903.2467007637024):(0.66, 1.0, 1.0)
(173.53418469429016, 135.09809970855713, 965.5852913856506):(0.66, 1.0, 1.0)
(171.94601893424988, 143.45335960388184, 901.8118381500244):(0.66, 1.0, 1.0)
(170.57986557483673, 164.26093876361847, 907.6763987541199):(0.66, 1.0, 1.0)
(176.42688751220703, 162.58604824543, 912.217915058136):(0.66, 1.0, 1.0)
(169.9921190738678, 126.55830383300781, 904.5489430427551):(0.66, 1.0, 1.0)
(168.98047924041748, 127.6644617319107, 912.4549627304077):(0.66, 1.0, 1.0)
(168.43175888061523, 134.71782207489014, 909.4919562339783):(0.66, 1.0, 1.0)
(167.74676740169525, 154.00341153144836, 905.7931900024414):(0.66, 1.0, 1.0)
(171.53343558311462, 138.18439841270447, 899.6478915214539):(0.66, 1.0, 1.0)
(175.51124095916748, 151.8069952726364, 907.4835181236267):(0.66, 1.0, 1.0)
(166.78328812122345, 155.41580319404602, 914.1004085540771):(0.66, 1.0, 1.0)
(192.09584593772888, -86.9280993938446, 965.8960700035095):(0.0, 1.0, 1.0)
(197.63609766960144, -79.0954977273941, 906.4313173294067):(0.0, 1.0, 1.0)
(203.59817147254944, -129.34954464435577, 910.9063148498535):(0.0, 1.0, 1.0)
(190.7803863286972, -83.70724320411682, 959.2816829681396):(0.0, 1.0, 1.0)
(197.0137357711792, -83.79265666007996, 903.576910495758):(0.0, 1.0, 1.0)
(199.34824109077454, -128.2196044921875, 902.9490351676941):(0.0, 1.0, 1.0)
(209.73284542560577, -142.0237272977829, 1040.26198387146):(0.0, 1.0, 1.0)
(186.74415349960327, -80.82396537065506, 926.2394905090332):(0.0, 1.0, 1.0)
(197.47893512248993, -88.94842863082886, 905.7104587554932):(0.0, 1.0, 1.0)
(196.2522715330124, -127.81284749507904, 900.0845551490784):(0.0, 1.0, 1.0)
(205.00794053077698, -133.25801491737366, 1016.8267488479614):(0.0, 1.0, 1.0)
(185.59972941875458, -79.25275713205338, 908.2334637641907):(0.0, 1.0, 1.0)
(197.08552956581116, -93.71926635503769, 903.9061665534973):(0.0, 1.0, 1.0)
(193.8113570213318, -127.82777845859528, 900.1896977424622):(0.0, 1.0, 1.0)
(200.83947479724884, -125.09545683860779, 996.1513876914978):(0.0, 1.0, 1.0)
(186.63689494132996, -78.64232361316681, 901.237964630127):(0.0, 1.0, 1.0)
(196.70335948467255, -98.47597777843475, 902.1534323692322):(0.0, 1.0, 1.0)
(191.8458342552185, -128.16068530082703, 902.5340676307678):(0.0, 1.0, 1.0)
(197.14224338531494, -117.43997782468796, 977.8133630752563):(0.0, 1.0, 1.0)
(199.6709406375885, -106.14857822656631, 904.410719871521):(0.0, 1.0, 1.0)
(188.3222609758377, -78.31738889217377, 897.5141644477844):(0.0, 1.0, 1.0)
(199.2967426776886, -110.89117079973221, 902.715802192688):(0.0, 1.0, 1.0)
(190.43658673763275, -128.87872755527496, 907.5906872749329):(0.0, 1.0, 1.0)
(205.50574362277985, -109.96583104133606, 1033.3236455917358):(0.0, 1.0, 1.0)
(190.6924694776535, -78.2819539308548, 897.1080780029297):(0.0, 1.0, 1.0)
(198.8310068845749, -115.56199938058853, 900.6062150001526):(0.0, 1.0, 1.0)
(191.31186604499817, -131.1822533607483, 923.8125681877136):(0.0, 1.0, 1.0)
(200.0545710325241, -101.54248774051666, 1005.9140920639038):(0.0, 1.0, 1.0)
(193.64210963249207, -78.4822627902031, 899.4036316871643):(0.0, 1.0, 1.0)
(199.0349441766739, -120.61555683612823, 901.5299677848816):(0.0, 1.0, 1.0)
(196.45699858665466, -136.51452958583832, 961.3635540008545):(0.0, 1.0, 1.0)
(194.9901580810547, -93.60488504171371, 980.4492592811584):(0.0, 1.0, 1.0)
(190.4658079147339, -119.8812872171402, 896.041750907898):(0.0, 1.0, 1.0)
(206.29920065402985, -113.3817806839943, 922.9907989501953):(0.0, 1.0, 1.0)
(221.55487537384033, -158.19215774536133, 1114.021897315979):(0.0, 1.0, 1.0)
(214.13768827915192, -99.33412075042725, 958.0605030059814):(0.0, 1.0, 1.0)
(211.70537173748016, -103.39073091745377, 947.1781849861145):(0.0, 1.0, 1.0)
(186.83093786239624, -92.29025989770889, 914.2584204673767):(0.0, 1.0, 1.0)
(199.4914561510086, -123.3653798699379, 903.5977721214294):(0.0, 1.0, 1.0)
(208.48603546619415, -135.00793278217316, 932.7747821807861):(0.0, 1.0, 1.0)
(226.22722387313843, -93.86108070611954, 1012.1495723724365):(0.0, 1.0, 1.0)
(190.91074168682098, -98.03733229637146, 898.1349468231201):(0.0, 1.0, 1.0)
(191.0720318555832, -93.19956600666046, 898.8937735557556):(0.0, 1.0, 1.0)
(190.24813175201416, -125.42396783828735, 918.6760187149048):(0.0, 1.0, 1.0)
(196.03627920150757, -122.75048345327377, 899.0939259529114):(0.0, 1.0, 1.0)
(195.7995742559433, -107.85502195358276, 898.0083465576172):(0.0, 1.0, 1.0)
(210.91032028198242, -105.58517277240753, 943.6211585998535):(0.0, 1.0, 1.0)
