(-138, -30, 1091):(0.66, 1.0, 1.0)
(29, -186, 1116):(0.0, 1.0, 1.0)
(-154, -46, 1123):(0.66, 1.0, 1.0)
(17, -203, 1139):(0.0, 1.0, 1.0)
(-129, -64, 1120):(0.66, 1.0, 1.0)
(52, -235, 1144):(0.0, 1.0, 1.0)
(-114, -48, 1095):(0.66, 1.0, 1.0)
(60, -221, 1123):(0.0, 1.0, 1.0)
(-146, -42, 1105):(0.66, 1.0, 1.0)
(-126, -30, 1087):(0.66, 1.0, 1.0)
(-133, -33, 1097):(0.66, 1.0, 1.0)
(-117, -39, 1089):(0.66, 1.0, 1.0)
(-151, -49, 1120):(0.66, 1.0, 1.0)
(-148, -49, 1119):(0.66, 1.0, 1.0)
(-135, -42, 1092):(0.66, 1.0, 1.0)
(-145, -64, 1121):(0.66, 1.0, 1.0)
(-117, -45, 1093):(0.66, 1.0, 1.0)
(-132, -58, 1113):(0.66, 1.0, 1.0)
(-124, -57, 1098):(0.66, 1.0, 1.0)
(-154, -52, 1119):(0.66, 1.0, 1.0)
(-132, -36, 1095):(0.66, 1.0, 1.0)
(-148, -52, 1121):(0.66, 1.0, 1.0)
(-135, -36, 1093):(0.66, 1.0, 1.0)
(-141, -39, 1094):(0.66, 1.0, 1.0)
(-120, -39, 1093):(0.66, 1.0, 1.0)
(-142, -58, 1120):(0.66, 1.0, 1.0)
(-138, -55, 1116):(0.66, 1.0, 1.0)
(-138, -36, 1092):(0.66, 1.0, 1.0)
(-135, -30, 1091):(0.66, 1.0, 1.0)
(-123, -54, 1093):(0.66, 1.0, 1.0)
(-120, -48, 1092):(0.66, 1.0, 1.0)
(-117, -48, 1093):(0.66, 1.0, 1.0)
(-125, -64, 1113):(0.66, 1.0, 1.0)
(-149, -39, 1104):(0.66, 1.0, 1.0)
(-136, -61, 1122):(0.66, 1.0, 1.0)
(-138, -39, 1094):(0.66, 1.0, 1.0)
(-139, -58, 1120):(0.66, 1.0, 1.0)
(-128, -61, 1110):(0.66, 1.0, 1.0)
(-115, -51, 1097):(0.66, 1.0, 1.0)
(-129, -51, 1094):(0.66, 1.0, 1.0)
(-143, -30, 1088):(0.66, 1.0, 1.0)
(-135, -33, 1094):(0.66, 1.0, 1.0)
(-117, -51, 1095):(0.66, 1.0, 1.0)
(-121, -63, 1104):(0.66, 1.0, 1.0)
(-136, -48, 1098):(0.66, 1.0, 1.0)
(-154, -58, 1120):(0.66, 1.0, 1.0)
(-139, -45, 1098):(0.66, 1.0, 1.0)
(-150, -43, 1114):(0.66, 1.0, 1.0)
(26, -186, 1115):(0.0, 1.0, 1.0)
(35, -209, 1121):(0.0, 1.0, 1.0)
(46, -236, 1148):(0.0, 1.0, 1.0)
(33, -219, 1141):(0.0, 1.0, 1.0)
(44, -189, 1113):(0.0, 1.0, 1.0)
(38, -195, 1116):(0.0, 1.0, 1.0)
(23, -204, 1128):(0.0, 1.0, 1.0)
(35, -190, 1117):(0.0, 1.0, 1.0)
(36, -222, 1143):(0.0, 1.0, 1.0)
(23, -209, 1138):(0.0, 1.0, 1.0)
(32, -209, 1124):(0.0, 1.0, 1.0)
(29, -201, 1115):(0.0, 1.0, 1.0)
(45, -228, 1141):(0.0, 1.0, 1.0)
(39, -216, 1126):(0.0, 1.0, 1.0)
(36, -232, 1143):(0.0, 1.0, 1.0)
(54, -224, 1121):(0.0, 1.0, 1.0)
(41, -186, 1115):(0.0, 1.0, 1.0)
(33, -214, 1136):(0.0, 1.0, 1.0)
(30, -216, 1142):(0.0, 1.0, 1.0)
(29, -198, 1113):(0.0, 1.0, 1.0)
(57, -205, 1119):(0.0, 1.0, 1.0)
(42, -224, 1138):(0.0, 1.0, 1.0)
(17, -235, 1147):(0.0, 1.0, 1.0)
(20, -219, 1142):(0.0, 1.0, 1.0)
(20, -229, 1146):(0.0, 1.0, 1.0)
(54, -217, 1119):(0.0, 1.0, 1.0)
(49, -235, 1147):(0.0, 1.0, 1.0)
(48, -218, 1120):(0.0, 1.0, 1.0)
(20, -193, 1118):(0.0, 1.0, 1.0)
(29, -195, 1111):(0.0, 1.0, 1.0)
(39, -225, 1143):(0.0, 1.0, 1.0)
(17, -190, 1117):(0.0, 1.0, 1.0)
(23, -219, 1142):(0.0, 1.0, 1.0)
(59, -186, 1113):(0.0, 1.0, 1.0)
(53, -186, 1114):(0.0, 1.0, 1.0)
(38, -201, 1115):(0.0, 1.0, 1.0)
(26, -192, 1113):(0.0, 1.0, 1.0)
(27, -232, 1145):(0.0, 1.0, 1.0)
(36, -235, 1145):(0.0, 1.0, 1.0)
(41, -195, 1115):(0.0, 1.0, 1.0)
