(-153, -24, 1088):(0.66, 1.0, 1.0)
(29, -186, 1115):(0.0, 1.0, 1.0)
(-161, -30, 1109):(0.66, 1.0, 1.0)
(17, -203, 1139):(0.0, 1.0, 1.0)
(-136, -61, 1121):(0.66, 1.0, 1.0)
(52, -235, 1144):(0.0, 1.0, 1.0)
(-123, -51, 1092):(0.66, 1.0, 1.0)
(60, -221, 1122):(0.0, 1.0, 1.0)
(-147, -61, 1118):(0.66, 1.0, 1.0)
(-143, -30, 1087):(0.66, 1.0, 1.0)
(-160, -43, 1118):(0.66, 1.0, 1.0)
(-123, -33, 1087):(0.66, 1.0, 1.0)
(-149, -39, 1109):(0.66, 1.0, 1.0)
(-128, -24, 1083):(0.66, 1.0, 1.0)
(-159, -33, 1110):(0.66, 1.0, 1.0)
(-138, -42, 1092):(0.66, 1.0, 1.0)
(-157, -40, 1121):(0.66, 1.0, 1.0)
(-147, -24, 1091):(0.66, 1.0, 1.0)
(54, -214, 1118):(0.0, 1.0, 1.0)
(54, -205, 1117):(0.0, 1.0, 1.0)
(17, -190, 1120):(0.0, 1.0, 1.0)
(50, -207, 1114):(0.0, 1.0, 1.0)
(60, -225, 1127):(0.0, 1.0, 1.0)
(60, -198, 1115):(0.0, 1.0, 1.0)
(24, -229, 1145):(0.0, 1.0, 1.0)
(17, -229, 1146):(0.0, 1.0, 1.0)
(17, -225, 1144):(0.0, 1.0, 1.0)
(27, -216, 1144):(0.0, 1.0, 1.0)
