(-150, -18, 1094):(0.66, 1.0, 1.0)
(26, -183, 1117):(0.0, 1.0, 1.0)
(-166, -27, 1118):(0.66, 1.0, 1.0)
(14, -203, 1141):(0.0, 1.0, 1.0)
(-139, -67, 1121):(0.66, 1.0, 1.0)
(52, -234, 1142):(0.0, 1.0, 1.0)
(-124, -57, 1100):(0.66, 1.0, 1.0)
(63, -219, 1125):(0.0, 1.0, 1.0)
(-122, -18, 1083):(0.66, 1.0, 1.0)
(-133, -65, 1124):(0.66, 1.0, 1.0)
(-151, -49, 1120):(0.66, 1.0, 1.0)
(-162, -30, 1110):(0.66, 1.0, 1.0)
(-129, -39, 1093):(0.66, 1.0, 1.0)
(-160, -55, 1118):(0.66, 1.0, 1.0)
(-145, -58, 1119):(0.66, 1.0, 1.0)
(-150, -43, 1117):(0.66, 1.0, 1.0)
(-123, -27, 1089):(0.66, 1.0, 1.0)
(-138, -55, 1119):(0.66, 1.0, 1.0)
(-151, -33, 1096):(0.66, 1.0, 1.0)
(-126, -39, 1093):(0.66, 1.0, 1.0)
(-157, -30, 1100):(0.66, 1.0, 1.0)
(-122, -21, 1085):(0.66, 1.0, 1.0)
(-160, -43, 1118):(0.66, 1.0, 1.0)
(-127, -51, 1095):(0.66, 1.0, 1.0)
(-143, -45, 1110):(0.66, 1.0, 1.0)
(-129, -27, 1089):(0.66, 1.0, 1.0)
(-153, -40, 1116):(0.66, 1.0, 1.0)
(-137, -18, 1083):(0.66, 1.0, 1.0)
(53, -192, 1115):(0.0, 1.0, 1.0)
(35, -190, 1117):(0.0, 1.0, 1.0)
(29, -195, 1113):(0.0, 1.0, 1.0)
(14, -206, 1140):(0.0, 1.0, 1.0)
(36, -226, 1145):(0.0, 1.0, 1.0)
(33, -222, 1144):(0.0, 1.0, 1.0)
(57, -229, 1131):(0.0, 1.0, 1.0)
(23, -196, 1117):(0.0, 1.0, 1.0)
(42, -232, 1147):(0.0, 1.0, 1.0)
(44, -196, 1117):(0.0, 1.0, 1.0)
(20, -190, 1118):(0.0, 1.0, 1.0)
(29, -192, 1113):(0.0, 1.0, 1.0)
(64, -236, 1148):(0.0, 1.0, 1.0)
(50, -195, 1114):(0.0, 1.0, 1.0)
(32, -192, 1115):(0.0, 1.0, 1.0)
(14, -195, 1133):(0.0, 1.0, 1.0)
(39, -236, 1149):(0.0, 1.0, 1.0)
(14, -186, 1117):(0.0, 1.0, 1.0)
(57, -211, 1118):(0.0, 1.0, 1.0)
(14, -232, 1144):(0.0, 1.0, 1.0)
