(-135, -39, 1092):(0.66, 1.0, 1.0)
(26, -187, 1118):(0.0, 1.0, 1.0)
(-143, -45, 1107):(0.66, 1.0, 1.0)
(17, -198, 1130):(0.0, 1.0, 1.0)
(-129, -64, 1120):(0.66, 1.0, 1.0)
(52, -235, 1145):(0.0, 1.0, 1.0)
(-118, -54, 1096):(0.66, 1.0, 1.0)
(60, -221, 1123):(0.0, 1.0, 1.0)
(-142, -42, 1097):(0.66, 1.0, 1.0)
(-129, -39, 1095):(0.66, 1.0, 1.0)
(-140, -48, 1108):(0.66, 1.0, 1.0)
(-130, -54, 1101):(0.66, 1.0, 1.0)
(-123, -45, 1095):(0.66, 1.0, 1.0)
(-135, -42, 1092):(0.66, 1.0, 1.0)
(-120, -60, 1095):(0.66, 1.0, 1.0)
(-117, -39, 1091):(0.66, 1.0, 1.0)
(-126, -45, 1095):(0.66, 1.0, 1.0)
(-142, -61, 1119):(0.66, 1.0, 1.0)
(-126, -54, 1094):(0.66, 1.0, 1.0)
(-132, -45, 1094):(0.66, 1.0, 1.0)
(-118, -63, 1099):(0.66, 1.0, 1.0)
(-123, -48, 1093):(0.66, 1.0, 1.0)
(-125, -64, 1112):(0.66, 1.0, 1.0)
(-145, -55, 1121):(0.66, 1.0, 1.0)
(-144, -61, 1118):(0.66, 1.0, 1.0)
(-129, -45, 1093):(0.66, 1.0, 1.0)
(-139, -61, 1122):(0.66, 1.0, 1.0)
(-142, -52, 1120):(0.66, 1.0, 1.0)
(-123, -42, 1095):(0.66, 1.0, 1.0)
(-123, -39, 1093):(0.66, 1.0, 1.0)
(-118, -51, 1098):(0.66, 1.0, 1.0)
(-117, -45, 1094):(0.66, 1.0, 1.0)
(-144, -49, 1115):(0.66, 1.0, 1.0)
(-123, -54, 1093):(0.66, 1.0, 1.0)
(-142, -64, 1123):(0.66, 1.0, 1.0)
(-138, -42, 1093):(0.66, 1.0, 1.0)
(-139, -64, 1123):(0.66, 1.0, 1.0)
(-145, -58, 1121):(0.66, 1.0, 1.0)
(-129, -51, 1095):(0.66, 1.0, 1.0)
(-126, -48, 1092):(0.66, 1.0, 1.0)
(-123, -51, 1093):(0.66, 1.0, 1.0)
(-139, -45, 1100):(0.66, 1.0, 1.0)
(-132, -48, 1094):(0.66, 1.0, 1.0)
(-132, -42, 1091):(0.66, 1.0, 1.0)
(-126, -39, 1095):(0.66, 1.0, 1.0)
(-136, -64, 1122):(0.66, 1.0, 1.0)
(-126, -42, 1095):(0.66, 1.0, 1.0)
(-121, -63, 1103):(0.66, 1.0, 1.0)
(-132, -39, 1093):(0.66, 1.0, 1.0)
(-133, -61, 1121):(0.66, 1.0, 1.0)
(-136, -48, 1098):(0.66, 1.0, 1.0)
(-117, -48, 1095):(0.66, 1.0, 1.0)
(-136, -61, 1122):(0.66, 1.0, 1.0)
(-121, -45, 1096):(0.66, 1.0, 1.0)
(-142, -55, 1121):(0.66, 1.0, 1.0)
(-135, -45, 1095):(0.66, 1.0, 1.0)
(-120, -48, 1095):(0.66, 1.0, 1.0)
(-133, -51, 1103):(0.66, 1.0, 1.0)
(27, -232, 1146):(0.0, 1.0, 1.0)
(51, -221, 1120):(0.0, 1.0, 1.0)
(45, -222, 1129):(0.0, 1.0, 1.0)
(53, -192, 1114):(0.0, 1.0, 1.0)
(54, -205, 1120):(0.0, 1.0, 1.0)
(41, -193, 1117):(0.0, 1.0, 1.0)
(17, -194, 1125):(0.0, 1.0, 1.0)
(26, -208, 1133):(0.0, 1.0, 1.0)
(60, -201, 1115):(0.0, 1.0, 1.0)
(44, -202, 1118):(0.0, 1.0, 1.0)
(33, -232, 1146):(0.0, 1.0, 1.0)
(24, -223, 1146):(0.0, 1.0, 1.0)
(35, -195, 1115):(0.0, 1.0, 1.0)
(54, -220, 1119):(0.0, 1.0, 1.0)
(41, -189, 1116):(0.0, 1.0, 1.0)
(59, -189, 1114):(0.0, 1.0, 1.0)
(17, -222, 1145):(0.0, 1.0, 1.0)
(38, -195, 1115):(0.0, 1.0, 1.0)
(35, -187, 1118):(0.0, 1.0, 1.0)
(32, -190, 1117):(0.0, 1.0, 1.0)
(38, -187, 1117):(0.0, 1.0, 1.0)
(55, -234, 1141):(0.0, 1.0, 1.0)
(24, -213, 1145):(0.0, 1.0, 1.0)
(30, -223, 1146):(0.0, 1.0, 1.0)
(29, -211, 1134):(0.0, 1.0, 1.0)
(47, -208, 1117):(0.0, 1.0, 1.0)
(50, -186, 1114):(0.0, 1.0, 1.0)
(39, -232, 1146):(0.0, 1.0, 1.0)
(60, -214, 1118):(0.0, 1.0, 1.0)
(27, -220, 1146):(0.0, 1.0, 1.0)
(57, -198, 1115):(0.0, 1.0, 1.0)
(42, -224, 1138):(0.0, 1.0, 1.0)
(39, -226, 1144):(0.0, 1.0, 1.0)
(44, -195, 1116):(0.0, 1.0, 1.0)
(44, -192, 1116):(0.0, 1.0, 1.0)
(38, -207, 1114):(0.0, 1.0, 1.0)
(47, -217, 1119):(0.0, 1.0, 1.0)
(20, -225, 1144):(0.0, 1.0, 1.0)
(47, -195, 1116):(0.0, 1.0, 1.0)
(56, -201, 1114):(0.0, 1.0, 1.0)
(27, -229, 1147):(0.0, 1.0, 1.0)
(20, -201, 1131):(0.0, 1.0, 1.0)
(47, -211, 1117):(0.0, 1.0, 1.0)
(56, -192, 1114):(0.0, 1.0, 1.0)
(41, -215, 1120):(0.0, 1.0, 1.0)
(42, -235, 1146):(0.0, 1.0, 1.0)
(42, -229, 1145):(0.0, 1.0, 1.0)
(17, -210, 1144):(0.0, 1.0, 1.0)
(53, -199, 1116):(0.0, 1.0, 1.0)
(20, -232, 1146):(0.0, 1.0, 1.0)

