(-147, -36, 1093):(0.66, 1.0, 1.0)
(29, -187, 1117):(0.0, 1.0, 1.0)
(-157, -52, 1121):(0.66, 1.0, 1.0)
(17, -202, 1138):(0.0, 1.0, 1.0)
(-122, -63, 1106):(0.66, 1.0, 1.0)
(52, -236, 1149):(0.0, 1.0, 1.0)
(-115, -48, 1098):(0.66, 1.0, 1.0)
(63, -219, 1127):(0.0, 1.0, 1.0)
(-135, -36, 1092):(0.66, 1.0, 1.0)
(-153, -40, 1114):(0.66, 1.0, 1.0)
(-154, -43, 1122):(0.66, 1.0, 1.0)
(-115, -54, 1098):(0.66, 1.0, 1.0)
(-123, -39, 1095):(0.66, 1.0, 1.0)
(-142, -39, 1096):(0.66, 1.0, 1.0)
(-136, -48, 1098):(0.66, 1.0, 1.0)
(-120, -54, 1095):(0.66, 1.0, 1.0)
(-134, -54, 1108):(0.66, 1.0, 1.0)
(-126, -36, 1093):(0.66, 1.0, 1.0)
(-142, -64, 1123):(0.66, 1.0, 1.0)
(-145, -55, 1122):(0.66, 1.0, 1.0)
(-146, -42, 1104):(0.66, 1.0, 1.0)
(-133, -51, 1101):(0.66, 1.0, 1.0)
(-154, -55, 1121):(0.66, 1.0, 1.0)
(-151, -55, 1121):(0.66, 1.0, 1.0)
(-156, -36, 1110):(0.66, 1.0, 1.0)
(-129, -48, 1094):(0.66, 1.0, 1.0)
(-145, -61, 1122):(0.66, 1.0, 1.0)
(-132, -42, 1093):(0.66, 1.0, 1.0)
(-135, -61, 1120):(0.66, 1.0, 1.0)
(-118, -48, 1096):(0.66, 1.0, 1.0)
(-154, -49, 1121):(0.66, 1.0, 1.0)
(-154, -61, 1124):(0.66, 1.0, 1.0)
(-148, -55, 1123):(0.66, 1.0, 1.0)
(-117, -39, 1092):(0.66, 1.0, 1.0)
(-149, -39, 1104):(0.66, 1.0, 1.0)
(-151, -61, 1123):(0.66, 1.0, 1.0)
(-151, -46, 1122):(0.66, 1.0, 1.0)
(-145, -39, 1099):(0.66, 1.0, 1.0)
(20, -196, 1122):(0.0, 1.0, 1.0)
(42, -235, 1146):(0.0, 1.0, 1.0)
(53, -195, 1116):(0.0, 1.0, 1.0)
(27, -219, 1143):(0.0, 1.0, 1.0)
(29, -206, 1123):(0.0, 1.0, 1.0)
(27, -222, 1144):(0.0, 1.0, 1.0)
(63, -208, 1120):(0.0, 1.0, 1.0)
(60, -214, 1119):(0.0, 1.0, 1.0)
(20, -226, 1145):(0.0, 1.0, 1.0)
(48, -202, 1121):(0.0, 1.0, 1.0)
(60, -218, 1121):(0.0, 1.0, 1.0)
(63, -205, 1120):(0.0, 1.0, 1.0)
(38, -189, 1116):(0.0, 1.0, 1.0)
(41, -202, 1116):(0.0, 1.0, 1.0)
(39, -225, 1142):(0.0, 1.0, 1.0)
(38, -212, 1122):(0.0, 1.0, 1.0)
(32, -189, 1115):(0.0, 1.0, 1.0)
(23, -187, 1119):(0.0, 1.0, 1.0)
(30, -229, 1146):(0.0, 1.0, 1.0)
(17, -190, 1121):(0.0, 1.0, 1.0)
(63, -195, 1116):(0.0, 1.0, 1.0)
(17, -194, 1127):(0.0, 1.0, 1.0)
(48, -227, 1134):(0.0, 1.0, 1.0)
(61, -235, 1145):(0.0, 1.0, 1.0)
(32, -192, 1114):(0.0, 1.0, 1.0)
(39, -221, 1136):(0.0, 1.0, 1.0)
(32, -201, 1114):(0.0, 1.0, 1.0)
(42, -228, 1144):(0.0, 1.0, 1.0)
(60, -196, 1117):(0.0, 1.0, 1.0)
(44, -196, 1118):(0.0, 1.0, 1.0)
